1750001636383 64.472190692395 0
1750001652914 85.30079455164585 1
1750001665104 84.96027241770715 2
1750001677304 84.22247446083995 3
1750001693520 88.7627695800227 4
1750001709832 92.05448354143019 5
1750001722248 73.26901248581157 6
1750001734436 73.77979568671964 7
1750001746675 83.93870601589103 8
1750001758949 78.66061293984109 9
1750001771389 86.66288308740069 10
1750001783933 88.36549375709421 11
1750001796992 88.47900113507377 12
1750001809431 91.43019296254256 13
1750001822023 79.73893303064699 14
1750001834801 67.99091940976163 15
1750001847572 73.66628830874006 16
1750001860557 80.53348467650397 17
1750001873085 83.37116912599319 18
1750001885849 86.9466515323496 19
