1750001636383 0.9442171906786305 0
1750001652914 0.44484568799712826 1
1750001665104 0.4326172922072666 2
1750001677304 0.453186523036233 3
1750001693520 0.4475303912269218 4
1750001709832 0.3097921720306788 5
1750001722248 0.7504366146666663 6
1750001734436 0.7420155815780163 7
1750001746675 0.4605913156909602 8
1750001758949 0.6493866395737443 9
1750001771389 0.4058063913668905 10
1750001783933 0.3793946597725153 11
1750001796992 0.37477040383964777 12
1750001809431 0.28790472966751884 13
1750001822023 0.6496229634753296 14
1750001834801 0.8751475214958191 15
1750001847572 0.6980463830488068 16
1750001860557 0.5227460419493062 17
1750001873085 0.47800890994923456 18
1750001885849 0.4146089338298355 19
