1749379255763 0.001 0
1749379274695 0.001 1
1749379293213 0.001 2
1749379307199 0.001 3
1749379321272 0.001 4
1749379339711 0.001 5
1749379353780 0.001 6
1749379372452 0.001 7
1749379386551 0.001 8
1749379400809 0.001 9
1749379414884 0.001 10
1749379429049 0.001 11
1749379442943 0.001 12
1749379456667 0.001 13
1749379474592 0.001 14
1749379487653 0.001 15
1749379501629 0.001 16
1749379520072 0.001 17
1749379538350 0.001 18
1749379552087 0.001 19
1749379565772 0.001 20
1749379579682 0.001 21
1749379593020 0.001 22
1749379606643 0.001 23
1749379620845 0.001 24
1749379635204 0.0005 25
1749379649297 0.0005 26
1749379663913 0.0005 27
1749379678229 0.0005 28
1749379692388 0.0005 29
1749379706588 0.0005 30
1749379720872 0.0005 31
1749379735054 0.0005 32
