1749379255763 40.12485811577753 0
1749379274695 60.21566401816118 1
1749379293213 65.15323496027241 2
1749379307199 57.945516458569806 3
1749379321272 65.66401816118048 4
1749379339711 56.5266742338252 5
1749379353780 65.03972758229285 6
1749379372452 59.4211123723042 7
1749379386551 45.68671963677639 8
1749379400809 54.31328036322361 9
1749379414884 63.3938706015891 10
1749379429049 65.32349602724177 11
1749379442943 69.80703745743473 12
1749379456667 72.36095346197503 13
1749379474592 59.137343927355275 14
1749379487653 68.33144154370034 15
1749379501629 72.30419977298524 16
1749379520072 72.07718501702611 17
1749379538350 74.91486946651533 18
1749379552087 39.67082860385925 19
1749379565772 46.878547105561864 20
1749379579682 47.843359818388194 21
1749379593020 53.74574347332577 22
1749379606643 54.99432463110102 23
1749379620845 62.14528944381385 24
1749379635204 61.861520998864926 25
1749379649297 62.82633371169126 26
1749379663913 65.66401816118048 27
1749379678229 68.27468785471055 28
1749379692388 69.1827468785471 29
1749379706588 67.25312145289443 30
1749379720872 67.366628830874 31
1749379735054 57.6049943246311 32
