1749379255763 1.5272954915251051 0
1749379274695 1.1123692318797112 1
1749379293213 0.9611717217734882 2
1749379307199 1.1291382419211524 3
1749379321272 0.9465866248522486 4
1749379339711 1.1940374353102274 5
1749379353780 0.8868059941700527 6
1749379372452 1.0813938230276108 7
1749379386551 1.4131575993129186 8
1749379400809 1.123483738728932 9
1749379414884 0.9366403296589851 10
1749379429049 0.9040028729609081 11
1749379442943 0.8207720198801586 12
1749379456667 0.729565216494458 13
1749379474592 1.1412220246025495 14
1749379487653 0.8316779030220849 15
1749379501629 0.7242059686354229 16
1749379520072 0.7522764919059617 17
1749379538350 0.7337936003293309 18
1749379552087 1.511839316359588 19
1749379565772 1.3180523259299142 20
1749379579682 1.2473547118050712 21
1749379593020 1.194894450051444 22
1749379606643 1.0930560231208801 23
1749379620845 0.9961769580841064 24
1749379635204 0.9721299026693616 25
1749379649297 0.9678928149597985 26
1749379663913 0.9142631122044155 27
1749379678229 0.8527998966830117 28
1749379692388 0.8393042172704425 29
1749379706588 0.8770736115319389 30
1749379720872 0.8877111290182386 31
1749379735054 1.1256945814405168 32
