1750613355500 38.94761109352112 0
1750613406585 43.154391288757324 1
1750613460624 46.44331216812134 2
1750613515953 47.841601610183716 3
1750613564940 48.98374795913696 4
1750613611079 46.135491132736206 5
1750613666835 47.94116258621216 6
1750613712542 45.70302081108093 7
1750613762953 50.408124685287476 8
1750613822013 51.304738998413086 9
1750613878382 48.701348066329956 10
1750613927492 49.10754156112671 11
1750613976608 49.113147497177124 12
1750614027178 50.566640853881836 13
1750614075393 48.21199440956116 14
1750614121537 46.140419006347656 15
1750614169617 48.07632327079773 16
1750614218965 49.34493803977966 17
1750614269856 50.888147592544556 18
1750614315966 46.10784721374512 19
1750614369418 53.44768738746643 20
1750614423842 46.780826568603516 21
1750614472095 48.25068116188049 22
1750614522129 50.0304434299469 23
1750614571919 49.78690218925476 24
1750614622056 50.13483262062073 25
1750614672173 50.11292362213135 26
1750614725608 53.431750774383545 27
1750614777858 52.24663472175598 28
1750614830725 52.864715814590454 29
1750614884207 53.480154275894165 30
1750614939278 55.06886315345764 31
1750614994441 55.16038274765015 32
1750615050131 55.68609666824341 33
1750615103251 53.11771845817566 34
1750615157936 54.67925834655762 35
