1750613355501 0.001 0
1750613406586 0.001 1
1750613460625 0.001 2
1750613515954 0.001 3
1750613564941 0.001 4
1750613611080 0.001 5
1750613666836 0.001 6
1750613712543 0.001 7
1750613762954 0.001 8
1750613822014 0.001 9
1750613878383 0.001 10
1750613927493 0.001 11
1750613976609 0.001 12
1750614027179 0.001 13
1750614075394 0.001 14
1750614121538 0.001 15
1750614169618 0.001 16
1750614218966 0.001 17
1750614269856 0.001 18
1750614315967 0.001 19
1750614369419 0.001 20
1750614423843 0.001 21
1750614472096 0.001 22
1750614522130 0.001 23
1750614571920 0.001 24
1750614622058 0.001 25
1750614672174 0.001 26
1750614725609 0.001 27
1750614777859 0.001 28
1750614830725 0.0005 29
1750614884208 0.0005 30
1750614939279 0.0005 31
1750614994443 0.0005 32
1750615050132 0.0005 33
1750615103253 0.0005 34
1750615157937 0.0005 35
