1750613355501 86.79867986798679 0
1750613406586 97.9097909790979 1
1750613460625 97.87312064539788 2
1750613515954 98.01980198019803 3
1750613564941 96.91969196919692 4
1750613611080 97.61642830949762 5
1750613666836 97.35973597359735 6
1750613712543 98.34983498349835 7
1750613762954 99.37660432709937 8
1750613822014 99.55995599559957 9
1750613878383 98.82654932159883 10
1750613927493 98.38650531719838 11
1750613976609 98.75320865419876 12
1750614027179 99.5966263292996 13
1750614075394 99.74330766409975 14
1750614121538 98.86321965529886 15
1750614169618 99.19325265859919 16
1750614218966 99.63329666299963 17
1750614269856 98.64319765309864 18
1750614315967 97.83645031169783 19
1750614369419 99.22992299229924 20
1750614423843 98.53318665199853 21
1750614472096 99.48661532819949 22
1750614522130 99.66996699669967 23
1750614571920 98.42317565089843 24
1750614622058 99.37660432709937 25
1750614672174 99.66996699669967 26
1750614725609 99.44994499449945 27
1750614777859 99.81664833149982 28
1750614830725 99.37660432709937 29
1750614884208 99.7066373303997 30
1750614939279 99.81664833149982 31
1750614994443 99.96332966629997 32
1750615050132 99.81664833149982 33
1750615103253 99.37660432709937 34
1750615157937 99.74330766409975 35
