1750613355501 0.33577089822244677 0
1750613406586 0.07583609089894264 1
1750613460625 0.06211345455186918 2
1750613515954 0.08140670064414396 3
1750613564941 0.10073142825235981 4
1750613611080 0.09212139579684062 5
1750613666836 0.07463067248842657 6
1750613712543 0.05388427815984848 7
1750613762954 0.022568182067791282 8
1750613822014 0.02828355477297094 9
1750613878383 0.051496314040525966 10
1750613927493 0.0668340180946384 11
1750613976609 0.03709652856246806 12
1750614027179 0.015717422281362137 13
1750614075394 0.02003825756553344 14
1750614121538 0.04118026178438476 15
1750614169618 0.024381892038861205 16
1750614218966 0.013707066319448343 17
1750614269856 0.07612712918861964 18
1750614315967 0.06555949377578271 19
1750614369419 0.026693562724557165 20
1750614423843 0.04921297213268401 21
1750614472096 0.016106638871268696 22
1750614522130 0.018939589766845063 23
1750614571920 0.05751730612347845 24
1750614622058 0.01959249726259745 25
1750614672174 0.015494757400606326 26
1750614725609 0.017459203108744478 27
1750614777859 0.008692498465385397 28
1750614830725 0.016217792696532046 29
1750614884208 0.011961074759181978 30
1750614939279 0.009799610013731074 31
1750614994443 0.002174877961721883 32
1750615050132 0.03490069058145394 33
1750615103253 0.025591000478693046 34
1750615157937 0.01210096812107178 35
