1749375230578 0.001 0
1749375248142 0.001 1
1749375261179 0.001 2
1749375274237 0.001 3
1749375287392 0.001 4
1749375300929 0.001 5
1749375318596 0.001 6
1749375331909 0.001 7
1749375345123 0.001 8
1749375363155 0.001 9
1749375380909 0.001 10
1749375398143 0.001 11
1749375411286 0.001 12
1749375428730 0.001 13
1749375442036 0.001 14
1749375455279 0.001 15
1749375473151 0.001 16
1749375490632 0.001 17
1749375508513 0.001 18
1749375521602 0.001 19
1749375534844 0.001 20
1749375548062 0.001 21
1749375561187 0.001 22
1749375574526 0.001 23
1749375587977 0.001 24
1749375601261 0.001 25
1749375614833 0.0005 26
1749375628099 0.0005 27
1749375641446 0.0005 28
1749375654676 0.0005 29
1749375667971 0.0005 30
1749375681271 0.0005 31
1749375694559 0.0005 32
