1749375230578 1.4884609196867262 0
1749375248142 1.1403505195464407 1
1749375261179 1.2392989194818906 2
1749375274237 1.3558737060853414 3
1749375287392 1.4164069848401206 4
1749375300929 1.265968109880175 5
1749375318596 1.0520614513329096 6
1749375331909 0.8544684669801167 7
1749375345123 0.7887310162186623 8
1749375363155 0.8220882532852036 9
1749375380909 0.7169439217873982 10
1749375398143 0.6805486625858715 11
1749375411286 0.676831624337605 12
1749375428730 0.7464042822165149 13
1749375442036 0.6430326870509556 14
1749375455279 0.6136326529085636 15
1749375473151 0.5997619149940354 16
1749375490632 0.5566571578383446 17
1749375508513 0.5705368162265846 18
1749375521602 1.5582160683614867 19
1749375534844 1.1916905897004264 20
1749375548062 1.120953700372151 21
1749375561187 1.2806138140814645 22
1749375574526 1.1987292085375105 23
1749375587977 1.0594768694468908 24
1749375601261 0.9788877580847059 25
1749375614833 0.8531096769230706 26
1749375628099 0.7725320841584887 27
1749375641446 0.7498284493173871 28
1749375654676 0.7312155078564372 29
1749375667971 0.7308387085795403 30
1749375681271 0.7486950191003936 31
1749375694559 0.6842436327465943 32
