1749375230578 41.03291713961408 0
1749375248142 55.788876276958 1
1749375261179 52.83768444948922 2
1749375274237 48.240635641316686 3
1749375287392 40.74914869466515 4
1749375300929 49.148694665153236 5
1749375318596 60.61293984108967 6
1749375331909 68.16118047673099 7
1749375345123 72.1339387060159 8
1749375363155 69.69353007945516 9
1749375380909 74.85811577752554 10
1749375398143 76.67423382519864 11
1749375411286 77.5255391600454 12
1749375428730 73.15550510783201 13
1749375442036 77.07150964812713 14
1749375455279 78.77412031782066 15
1749375473151 77.75255391600454 16
1749375490632 80.53348467650397 17
1749375508513 81.38479001135073 18
1749375521602 43.24631101021566 19
1749375534844 51.36208853575482 20
1749375548062 58.91032917139614 21
1749375561187 48.1838819523269 22
1749375574526 51.58910329171396 23
1749375587977 56.8671963677639 24
1749375601261 63.053348467650395 25
1749375614833 69.29625425652668 26
1749375628099 71.50964812712826 27
1749375641446 71.7366628830874 28
1749375654676 73.32576617480136 29
1749375667971 71.7366628830874 30
1749375681271 74.12031782065834 31
1749375694559 75.53916004540295 32
