1750511635004 0.001 0
1750511657017 0.001 1
1750511678813 0.001 2
1750511701044 0.001 3
1750511719568 0.001 4
1750511741471 0.001 5
1750511763379 0.001 6
1750511780958 0.001 7
1750511798541 0.001 8
1750511816105 0.001 9
1750511837895 0.001 10
1750511855516 0.001 11
1750511873102 0.001 12
1750511890717 0.001 13
1750511908371 0.0005 14
1750511925972 0.0005 15
1750511943569 0.0005 16
1750511961158 0.0005 17
1750511978789 0.0005 18
1750511996392 0.0005 19
1750512014022 0.0005 20
1750512031613 0.0005 21
1750512049357 0.0005 22
1750512067021 0.0005 23
1750512084478 0.0005 24
