1750511635004 0.34002061643052933 0
1750511657017 0.09939958917540173 1
1750511678813 0.07315667555396727 2
1750511701044 0.05875694192945957 3
1750511719568 0.034975656844285684 4
1750511741471 0.03273270040923773 5
1750511763379 0.057775791412961214 6
1750511780958 0.05299432064558184 7
1750511798541 0.046453058194412394 8
1750511816105 0.025189110381138878 9
1750511837895 0.020921444390402284 10
1750511855516 0.023380400526315667 11
1750511873102 0.04460349094209283 12
1750511890717 0.0813656848703706 13
1750511908371 0.03303987769204257 14
1750511925972 0.02370629221374212 15
1750511943569 0.018480822833818057 16
1750511961158 0.021095896529596904 17
1750511978789 0.028559042741869423 18
1750511996392 0.02540118801732396 19
1750512014022 0.03103361869512429 20
1750512031613 0.013049431361777837 21
1750512049357 0.009097432371142298 22
1750512067021 0.03717225326528383 23
1750512084478 0.028516761667560786 24
