1750511635004 87.09204253758709 0
1750511657017 96.84635130179684 1
1750511678813 97.46974697469747 2
1750511701044 97.98313164649798 3
1750511719568 98.86321965529886 4
1750511741471 98.82654932159883 5
1750511763379 98.01980198019803 6
1750511780958 98.31316464979831 7
1750511798541 98.67986798679868 8
1750511816105 99.04657132379904 9
1750511837895 99.44994499449945 10
1750511855516 99.26659332599927 11
1750511873102 98.97323065639897 12
1750511890717 98.42317565089843 13
1750511908371 98.8998899889989 14
1750511925972 99.52328566189952 15
1750511943569 99.55995599559957 16
1750511961158 99.37660432709937 17
1750511978789 98.97323065639897 18
1750511996392 99.5966263292996 19
1750512014022 99.00990099009901 20
1750512031613 99.63329666299963 21
1750512049357 99.81664833149982 22
1750512067021 99.7066373303997 23
1750512084478 99.11991199119912 24
