1750512926788 27.686932802200317 0
1750512949119 17.77863597869873 1
1750512971162 17.78160524368286 2
1750512993009 17.716785430908203 3
1750513014884 17.69538927078247 4
1750513032853 17.966925144195557 5
1750513055790 18.384130477905273 6
1750513074119 18.32591676712036 7
1750513092636 18.51359510421753 8
1750513110964 18.32622456550598 9
1750513133827 18.24921989440918 10
1750513151897 18.06760311126709 11
1750513169907 18.00743556022644 12
1750513188003 18.094354152679443 13
1750513205906 17.90153408050537 14
1750513223664 17.755650997161865 15
1750513241461 17.794041872024536 16
1750513259280 17.817140579223633 17
1750513277059 17.776723623275757 18
1750513294904 17.843753576278687 19
1750513312760 17.853949785232544 20
1750513330521 17.759188413619995 21
1750513348240 17.71658992767334 22
1750513365983 17.740492343902588 23
1750513383673 17.687657594680786 24
