1750512926789 0.001 0
1750512949120 0.001 1
1750512971163 0.001 2
1750512993010 0.001 3
1750513014885 0.001 4
1750513032854 0.001 5
1750513055791 0.001 6
1750513074120 0.001 7
1750513092637 0.001 8
1750513110965 0.001 9
1750513133828 0.001 10
1750513151898 0.001 11
1750513169907 0.001 12
1750513188003 0.001 13
1750513205907 0.001 14
1750513223665 0.001 15
1750513241461 0.001 16
1750513259281 0.001 17
1750513277059 0.001 18
1750513294905 0.001 19
1750513312761 0.001 20
1750513330522 0.001 21
1750513348241 0.001 22
1750513365984 0.001 23
1750513383673 0.001 24
