1750512926789 0.4074610345238863 0
1750512949120 0.13923666703644708 1
1750512971163 0.06759294867515564 2
1750512993010 0.0723046098922401 3
1750513014885 0.025283867309173178 4
1750513032854 0.046718711542442094 5
1750513055791 0.032335952178136514 6
1750513074120 0.037306924545487695 7
1750513092637 0.09886035557056583 8
1750513110965 0.06434466750469318 9
1750513133828 0.07168625517975712 10
1750513151898 0.040259715689476144 11
1750513169907 0.022747441389879514 12
1750513188003 0.022508221266921178 13
1750513205907 0.029088058796586727 14
1750513223665 0.012591580535436785 15
1750513241461 0.041264907435275784 16
1750513259281 0.023304664297029376 17
1750513277059 0.011258028740019993 18
1750513294905 0.01602200186692265 19
1750513312761 0.03635642214050127 20
1750513330522 0.043090828053780485 21
1750513348241 0.06863940121649309 22
1750513365984 0.05108913045030001 23
1750513383673 0.042071393322806024 24
