1750512926789 85.001833516685 0
1750512949120 95.48954895489548 1
1750512971163 97.9097909790979 2
1750512993010 97.6897689768977 3
1750513014885 99.08324165749909 4
1750513032854 98.64319765309864 5
1750513055791 99.00990099009901 6
1750513074120 99.04657132379904 7
1750513092637 98.38650531719838 8
1750513110965 98.23982398239824 9
1750513133828 97.76310964429776 10
1750513151898 99.15658232489916 11
1750513169907 99.37660432709937 12
1750513188003 99.26659332599927 13
1750513205907 98.93656032269894 14
1750513223665 99.52328566189952 15
1750513241461 98.67986798679868 16
1750513259281 99.33993399339934 17
1750513277059 99.66996699669967 18
1750513294905 99.63329666299963 19
1750513312761 99.5966263292996 20
1750513330522 98.78987898789879 21
1750513348241 98.34983498349835 22
1750513365984 98.64319765309864 23
1750513383673 99.00990099009901 24
