1750515147640 54.68379545211792 0
1750515214422 57.89343237876892 1
1750515276067 61.64114427566528 2
1750515337103 61.03274393081665 3
1750515406275 60.82107138633728 4
1750515475353 60.931583642959595 5
1750515544730 61.03268051147461 6
1750515605751 61.018439531326294 7
1750515673536 59.8322012424469 8
1750515734908 61.370187282562256 9
1750515797165 62.25442028045654 10
1750515867751 62.62964653968811 11
1750515931820 64.06463384628296 12
1750515995263 63.44063949584961 13
1750516059709 64.44354462623596 14
1750516122783 63.07172703742981 15
1750516186585 63.79960346221924 16
1750516249938 63.35062026977539 17
1750516315783 65.84246563911438 18
1750516379931 64.14605212211609 19
1750516446476 66.5418267250061 20
1750516509971 63.49236607551575 21
1750516571525 61.55193305015564 22
1750516636643 65.11540532112122 23
1750516704940 68.29510712623596 24
1750516772085 67.14320492744446 25
