1750515147642 0.001 0
1750515214423 0.001 1
1750515276068 0.001 2
1750515337104 0.001 3
1750515406276 0.001 4
1750515475354 0.001 5
1750515544731 0.001 6
1750515605752 0.001 7
1750515673537 0.001 8
1750515734909 0.001 9
1750515797167 0.001 10
1750515867753 0.001 11
1750515931821 0.001 12
1750515995264 0.001 13
1750516059710 0.001 14
1750516122784 0.001 15
1750516186585 0.001 16
1750516249939 0.001 17
1750516315784 0.001 18
1750516379932 0.001 19
1750516446477 0.001 20
1750516509971 0.001 21
1750516571526 0.001 22
1750516636643 0.0005 23
1750516704940 0.0005 24
1750516772086 0.0005 25
