1750515147642 0.3485820909182346 0
1750515214423 0.11120030211371391 1
1750515276068 0.09202373411701342 2
1750515337104 0.06207634883033935 3
1750515406276 0.03686894128724478 4
1750515475354 0.04862418705340323 5
1750515544731 0.06916928245160772 6
1750515605752 0.05226840854617009 7
1750515673537 0.08096979910015063 8
1750515734909 0.10430942794042748 9
1750515797167 0.021214415341599433 10
1750515867753 0.037422371517222504 11
1750515931821 0.04230238117283037 12
1750515995264 0.019946603362345636 13
1750516059710 0.05449821107762292 14
1750516122784 0.03495521334793181 15
1750516186585 0.024987789553178603 16
1750516249939 0.025727091486387084 17
1750516315784 0.010680600497221877 18
1750516379932 0.018973212551764148 19
1750516446477 0.015624287059201675 20
1750516509971 0.06483803496514663 21
1750516571526 0.04485694222222624 22
1750516636643 0.007267640746397583 23
1750516704940 0.005520694697415185 24
1750516772086 0.03223720635634341 25
