1750515147642 87.23872387238724 0
1750515214423 96.66299963329666 1
1750515276068 96.62632929959662 2
1750515337104 97.94646131279795 3
1750515406276 98.97323065639897 4
1750515475354 98.23982398239824 5
1750515544731 98.53318665199853 6
1750515605752 98.2031536486982 7
1750515673537 98.38650531719838 8
1750515734909 96.14961496149616 9
1750515797167 99.48661532819949 10
1750515867753 98.93656032269894 11
1750515931821 98.82654932159883 12
1750515995264 99.44994499449945 13
1750516059710 99.48661532819949 14
1750516122784 99.3032636596993 15
1750516186585 99.22992299229924 16
1750516249939 99.22992299229924 17
1750516315784 99.63329666299963 18
1750516379932 99.26659332599927 19
1750516446477 99.74330766409975 20
1750516509971 97.98313164649798 21
1750516571526 98.67986798679868 22
1750516636643 99.92665933259993 23
1750516704940 99.74330766409975 24
1750516772086 99.66996699669967 25
