1750615861972 27.696742296218872 0
1750615884223 17.651185035705566 1
1750615906025 17.68036198616028 2
1750615928030 17.90245771408081 3
1750615945752 17.719531297683716 4
1750615967639 17.768014192581177 5
1750615989715 17.899799346923828 6
1750616007497 17.780338287353516 7
1750616029858 18.213804244995117 8
1750616047991 18.13150429725647 9
1750616066157 18.163860321044922 10
1750616085128 18.968552827835083 11
1750616103713 18.583507537841797 12
1750616122322 18.606748580932617 13
1750616140961 18.636008739471436 14
1750616159259 18.29689335823059 15
1750616177585 18.32390546798706 16
1750616195525 17.93821907043457 17
1750616213483 17.955389499664307 18
1750616232024 18.538934230804443 19
1750616250708 18.682276964187622 20
1750616269459 18.748637437820435 21
1750616287989 18.527358770370483 22
