1750615861973 0.001 0
1750615884224 0.001 1
1750615906026 0.001 2
1750615928031 0.001 3
1750615945752 0.001 4
1750615967640 0.001 5
1750615989716 0.001 6
1750616007499 0.001 7
1750616029859 0.001 8
1750616047992 0.001 9
1750616066158 0.001 10
1750616085128 0.001 11
1750616103714 0.001 12
1750616122323 0.001 13
1750616140961 0.001 14
1750616159260 0.001 15
1750616177586 0.0005 16
1750616195526 0.0005 17
1750616213483 0.0005 18
1750616232025 0.0005 19
1750616250709 0.0005 20
1750616269460 0.0005 21
1750616287990 0.0005 22
