1750615861973 0.3746550583475551 0
1750615884224 0.11464059214259303 1
1750615906026 0.0850241458433312 2
1750615928031 0.10000545917035536 3
1750615945752 0.04819071899319804 4
1750615967640 0.04086866770156248 5
1750615989716 0.02798795467411807 6
1750616007499 0.02894605972349297 7
1750616029859 0.015154487239521777 8
1750616047992 0.059176254021220426 9
1750616066158 0.10200595983160594 10
1750616085128 0.07198865625054338 11
1750616103714 0.07122545864779589 12
1750616122323 0.03169778880100091 13
1750616140961 0.03217549459618885 14
1750616159260 0.011377349329386773 15
1750616177586 0.005777619909061942 16
1750616195526 0.03801443254531816 17
1750616213483 0.03869792658749015 18
1750616232025 0.021536279523875133 19
1750616250709 0.014151935227388559 20
1750616269460 0.05552723683243574 21
1750616287990 0.02582453887064963 22
