1750615861973 86.02860286028603 0
1750615884224 96.62632929959662 1
1750615906026 97.35973597359735 2
1750615928031 96.77301063439677 3
1750615945752 98.38650531719838 4
1750615967640 98.82654932159883 5
1750615989716 99.11991199119912 6
1750616007499 99.04657132379904 7
1750616029859 99.52328566189952 8
1750616047992 98.56985698569856 9
1750616066158 96.66299963329666 10
1750616085128 98.56985698569856 11
1750616103714 98.01980198019803 12
1750616122323 98.93656032269894 13
1750616140961 99.3032636596993 14
1750616159260 99.7066373303997 15
1750616177586 99.85331866519985 16
1750616195526 99.3032636596993 17
1750616213483 99.77997799779978 18
1750616232025 99.33993399339934 19
1750616250709 99.85331866519985 20
1750616269460 99.22992299229924 21
1750616287990 99.26659332599927 22
